% Layout
% step ex ey ez bx by bz "electron" "ion"
% timestep = 3.500178e-01
0 0.000000e+00 0.000000e+00 0.000000e+00 0.000000e+00 0.000000e+00 9.955556e+01 1.807292e+01 1.798108e+01
12 9.348552e-03 1.659841e-02 8.878505e-04 6.026110e-04 6.506361e-04 9.859142e+01 1.854004e+01 1.845258e+01
24 1.048437e-02 1.347110e-02 9.125061e-04 5.450819e-04 7.222181e-04 9.837319e+01 1.864724e+01 1.856564e+01
36 9.894425e-03 1.351943e-02 1.133159e-03 5.749519e-04 5.347201e-04 9.809792e+01 1.878969e+01 1.869921e+01
48 1.284938e-02 2.019327e-02 1.015053e-03 6.043433e-04 8.264417e-04 9.889669e+01 1.838741e+01 1.829690e+01
60 1.748797e-02 1.841254e-02 1.137853e-03 6.916743e-04 6.681010e-04 9.843179e+01 1.861691e+01 1.853102e+01
72 1.752377e-02 2.014252e-02 1.214870e-03 6.311555e-04 8.447977e-04 9.874118e+01 1.846554e+01 1.836982e+01
84 1.843532e-02 2.020045e-02 1.306150e-03 6.596162e-04 8.309715e-04 9.833660e+01 1.866937e+01 1.857089e+01
96 1.903150e-02 2.577398e-02 1.264838e-03 9.180650e-04 9.164957e-04 9.849974e+01 1.858205e+01 1.848836e+01
108 2.166092e-02 3.247107e-02 1.424816e-03 7.895800e-04 7.545474e-04 9.794164e+01 1.885995e+01 1.876169e+01
120 2.966102e-02 3.465744e-02 1.528913e-03 8.478825e-04 8.037549e-04 9.841110e+01 1.862402e+01 1.851795e+01
132 3.484801e-02 3.787970e-02 1.525172e-03 1.012031e-03 8.921483e-04 9.777778e+01 1.893436e+01 1.883327e+01
144 4.266105e-02 5.427816e-02 1.640343e-03 1.039573e-03 9.023271e-04 9.766684e+01 1.897603e+01 1.887912e+01
156 5.935418e-02 8.473130e-02 1.787780e-03 7.818071e-04 8.861794e-04 9.710811e+01 1.923249e+01 1.913968e+01
168 7.968733e-02 1.001815e-01 1.954775e-03 1.026850e-03 9.654940e-04 9.693150e+01 1.930709e+01 1.920771e+01
180 1.209612e-01 1.623683e-01 1.837254e-03 1.023688e-03 8.867254e-04 9.553304e+01 1.996570e+01 1.984344e+01
192 1.577694e-01 2.174832e-01 2.075763e-03 9.476373e-04 9.540834e-04 9.447471e+01 2.044158e+01 2.033409e+01
204 2.701607e-01 3.534927e-01 1.688553e-03 1.159420e-03 1.141713e-03 9.242645e+01 2.136960e+01 2.120825e+01
216 4.008050e-01 4.924075e-01 2.210195e-03 1.010683e-03 9.319926e-04 8.966897e+01 2.264443e+01 2.242253e+01
228 6.412475e-01 7.095027e-01 1.954399e-03 9.543222e-04 9.622151e-04 8.579649e+01 2.438472e+01 2.409810e+01
240 9.583503e-01 9.470691e-01 2.367323e-03 1.005481e-03 9.147360e-04 8.144867e+01 2.640782e+01 2.587330e+01
